0.000126584308 0.001806287709 0.060489084067 0.000123580145
0.000217320930 0.003734293099 0.119171012665 0.000094757083
0.000275036695 0.017296563571 0.163629536768 0.000094757083
0.000347396025 0.005241994532 0.249391463951 0.000123580145
0.001026149200 0.020604800306 0.419142290007 0.000094757083
0.001358680692 0.027807658708 0.352399355457 0.000123580145
0.001747888346 0.020166429281 0.387408202925 0.000123580145
0.001069823235 0.021292915898 0.409137562135 0.000094757083
0.001286406047 0.022247276962 0.376002660347 0.000094757083
0.002765427829 0.025182766563 0.367209294133 0.000094757083
0.002969077490 0.022432561691 0.345251023208 0.000123580145
0.001672777378 0.019970520044 0.333759406178 0.000123580145
0.001776353171 0.040134009240 0.333990508167 0.000123580145
0.001846235351 0.014960190545 0.283470552229 0.000123580145
0.003413416545 0.009944473205 0.302176189398 0.000123580145
0.003453125243 0.018695821670 0.303239036780 0.000123580145
0.001994589339 0.025014137839 0.289679184182 0.000123580145
0.002018718205 0.019990661618 0.292011036813 0.000123580145
0.003450516316 0.050037696048 0.310386235240 0.000123580145
0.002050734883 0.039994705949 0.292354428268 0.000094757083
0.002058383341 0.030002284515 0.267859632675 0.000123580145
0.002076604578 0.047209034297 0.308863169757 0.000094757083
0.002096093474 0.031136983801 0.282943330434 0.000123580145
0.002091427164 0.009993742152 0.305214470759 0.000123580145
0.003437940830 0.021154665566 0.272157693587 0.000123580145
0.002098660553 0.009995630894 0.285944591684 0.000123580145
0.002110051541 0.019997164218 0.278017659828 0.000123580145
0.003420079717 0.023436040949 0.287882370590 0.000094757083
0.003420101905 0.027821169489 0.275487566643 0.000094757083
0.002134814859 0.017913163348 0.277613932703 0.000094757083
0.002143433514 0.014996648494 0.263239397467 0.000123580145
