0.995000000000 0.997000000000 0.992500000000 0.996750000000
0.997500000000 0.998000000000 0.994000000000 0.990750000000
0.998500000000 0.997250000000 0.995000000000 0.963750000000
1.000000000000 0.998750000000 0.994750000000 0.983500000000
1.000000000000 0.999500000000 0.974250000000 0.977000000000
1.000000000000 0.998500000000 0.973000000000 0.918000000000
1.000000000000 0.998250000000 0.988000000000 0.958250000000
0.999250000000 0.999750000000 0.986250000000 0.954500000000
1.000000000000 0.999250000000 0.959500000000 0.938500000000
0.999500000000 0.998750000000 0.975500000000 0.912250000000
1.000000000000 0.999000000000 0.956750000000 0.895250000000
1.000000000000 0.998000000000 0.985750000000 0.887000000000
1.000000000000 0.999500000000 0.982250000000 0.853500000000
1.000000000000 1.000000000000 0.967000000000 0.860250000000
1.000000000000 0.999750000000 0.960500000000 0.855500000000
1.000000000000 0.997750000000 0.963500000000 0.840000000000
1.000000000000 0.997000000000 0.983250000000 0.811250000000
1.000000000000 0.998500000000 0.979000000000 0.829500000000
1.000000000000 0.998500000000 0.980250000000 0.788500000000
1.000000000000 0.998250000000 0.981250000000 0.804750000000
1.000000000000 0.998250000000 0.976500000000 0.801000000000
1.000000000000 0.998500000000 0.975000000000 0.778500000000
1.000000000000 0.998250000000 0.968250000000 0.769000000000
1.000000000000 1.000000000000 0.978250000000 0.768500000000
1.000000000000 0.997750000000 0.981000000000 0.758500000000
1.000000000000 0.999000000000 0.958000000000 0.742250000000
1.000000000000 0.998250000000 0.978250000000 0.719250000000
1.000000000000 0.999750000000 0.954000000000 0.730000000000
1.000000000000 0.999000000000 0.977250000000 0.759500000000
1.000000000000 0.998750000000 0.968500000000 0.750250000000
1.000000000000 0.996750000000 0.982250000000 0.719500000000
