-0.950041327191 -0.950251143479 -0.951735128541 -0.975538748752
-0.950032928377 -0.950363004401 -0.977589071896 -1.062398291140
-0.950015890247 -0.950462102545 -0.977533173381 -1.082741907558
-0.950022394391 -0.950542805534 -0.994204998586 -1.097334038194
-0.950018623258 -0.950646592520 -0.988917147019 -1.144361844538
-0.950009163376 -0.951824775881 -0.992282040848 -1.178473628099
-0.950009450975 -0.956900368229 -0.984435595729 -1.201351014333
-0.950010820947 -0.951793243032 -0.984243969769 -1.213405573344
-0.950011734739 -0.951262781797 -0.987973752776 -1.222991836008
-0.950074337397 -0.951357961143 -0.986969430453 -1.227593066899
-0.950012810553 -0.952096920315 -0.986302662987 -1.231191178188
-0.950013051351 -0.950937148420 -0.984461207750 -1.238091787924
-0.950013233877 -0.951438508736 -0.990710058515 -1.237179600867
-0.950017931418 -0.951212999246 -0.990332336716 -1.237714214098
-0.950018082878 -0.951780463052 -0.991229635674 -1.239186574570
-0.950013540139 -0.951505262653 -0.992240856834 -1.245365053022
-0.950013603059 -0.951510724578 -0.982147603790 -1.243070636107
-0.950013644493 -0.950890454170 -0.993613549989 -1.245866083298
-0.950013655810 -0.951521567308 -0.994181208501 -1.245148161475
-0.950013659679 -0.951496794452 -0.986258840963 -1.246495156276
-0.950013686579 -0.951486726038 -0.980770418023 -1.246445940045
-0.950013707092 -0.949628907107 -0.994302950680 -1.247439494666
-0.950018490955 -0.951498716411 -0.979367293428 -1.248521076243
-0.950013725504 -0.950302062111 -0.997094270111 -1.248868310975
-0.950013733978 -0.951500921833 -0.999460262341 -1.248333241701
-0.950013745261 -0.951503075214 -1.002261951474 -1.249561579557
-0.950018522547 -0.951502464010 -1.001558740791 -1.248935496699
-0.950013754939 -0.950906759621 -1.006499212879 -1.248974832505
-0.950018519722 -0.951513071022 -1.003473568340 -1.250038641025
-0.950013762724 -0.951503300173 -1.007212121222 -1.249277510072
-0.950013753143 -0.951182342417 -1.008629455651 -1.249431016384
