0.080528639893 0.105277172734 0.120854901292 0.134686853777
0.056640427547 0.074753111887 0.076268395498 0.158020464559
0.025517143591 0.090001517703 0.198729905935 0.131058428095
0.045866030805 0.067122588307 0.131232300834 0.153648535309
0.028387066559 0.067187319793 0.131800550034 0.189512507190
0.026744499415 0.042391569620 0.148808951687 0.265543432288
0.008644292887 0.063265002329 0.100400714041 0.267259931865
0.020219956181 0.016677404802 0.125387766316 0.325923599762
0.021324118688 0.034706520039 0.114609874015 0.358685841949
0.014349466317 0.044740425341 0.185795654573 0.395035976947
0.004181635816 0.032796779290 0.170685819481 0.447557385791
0.002882729767 0.036382868148 0.208576415356 0.458528233248
0.020708373798 0.043931244255 0.124470479280 0.482148923250
0.001541582494 0.027214545327 0.124152517981 0.501279952099
0.001971817805 0.036190621434 0.121046613904 0.516619609119
0.001406915374 0.022350987672 0.122327006917 0.504436804380
0.001750404368 0.055399822574 0.121088341621 0.548639744970
0.001676391310 0.064573185048 0.119015388537 0.538734324218
0.001298672425 0.044922371572 0.143049818641 0.586874525428
0.001275714344 0.072061252616 0.129076343166 0.573111374697
0.001256018642 0.036457302853 0.143734806906 0.569103409444
0.001502877594 0.035201078162 0.141609664829 0.581282177198
0.001479064165 0.084029781315 0.179407664246 0.610750396384
0.001220255957 0.044382992553 0.142526943622 0.596988408348
0.001212487451 0.053892330021 0.124578387030 0.580755191472
0.001432607735 0.043851180205 0.150026121514 0.596314124075
0.001202843450 0.049650835331 0.189556687316 0.603573492433
0.001198987511 0.071197050880 0.131265077272 0.598925140118
0.001196278541 0.034104955056 0.195883780102 0.636671452891
0.001402079770 0.045915026271 0.112150320184 0.628030837854
0.001397364947 0.031697239628 0.123202026968 0.612185668599
