0.040079127615 0.002511434787 0.003470257081 0.019098542498
0.003292837654 0.003630044006 0.047819099586 0.067472754681
0.001589024731 0.004621025451 0.090863109372 0.245682581685
0.002239439068 0.036130922504 0.057341496992 0.198637335244
0.001120456766 0.006465925197 0.143025873358 0.308220487781
0.000916337615 0.030218458124 0.071138986678 0.339518472064
0.001439511112 0.043848653146 0.091827899022 0.419070334239
0.001549499341 0.025432430315 0.163767193159 0.449863999265
0.001173473873 0.011925777759 0.202523914579 0.501028240170
0.001240658225 0.023933589196 0.175120046973 0.517365533674
0.001281055306 0.019016268866 0.139354063493 0.514226205843
0.001305135057 0.055419240501 0.138781683085 0.534739940498
0.001323387744 0.043808136966 0.144619261372 0.538742810773
0.001793141789 0.024800642148 0.150125551406 0.580962959364
0.001808287775 0.032468143136 0.139597571205 0.549814138877
0.001821107177 0.019775323096 0.137335579932 0.547745636930
0.001829029964 0.045494190904 0.154386534439 0.547341884801
0.001364449268 0.044669603175 0.252699010154 0.590249439203
0.001837699680 0.025476673385 0.187300244005 0.584534537309
0.001839906722 0.040006973021 0.236053189395 0.575980542727
0.001844327123 0.050046235655 0.256837372071 0.609412107132
0.001848822793 0.046304664887 0.281298742624 0.618994841170
0.001849095479 0.015013982107 0.184664834989 0.602304040402
0.001372550395 0.047386286215 0.183664634173 0.611762089514
0.001851510857 0.020023632241 0.175108845202 0.625099642304
0.001374526144 0.038921285450 0.200277685632 0.637706336601
0.001375373815 0.049474447063 0.193733177012 0.612532443769
0.001375493935 0.017544828483 0.282728339710 0.632866885958
0.074732375503 0.032536988303 0.228879867964 0.661264443096
0.001376272389 0.044129869429 0.203577859395 0.595750078682
0.001846043402 0.034937095086 0.407884023167 0.635230821088
