1.000000000000 1.000000000000 0.597250000000 0.800000000000
1.000000000000 1.000000000000 0.575000000000 0.800000000000
1.000000000000 1.000000000000 0.593750000000 0.800000000000
1.000000000000 0.999500000000 0.567750000000 0.800000000000
1.000000000000 0.999750000000 0.634750000000 0.800000000000
1.000000000000 1.000000000000 0.663500000000 0.800000000000
1.000000000000 0.995500000000 0.758500000000 0.800000000000
1.000000000000 0.999750000000 0.811500000000 0.800000000000
1.000000000000 0.999250000000 0.864500000000 0.800000000000
1.000000000000 0.999000000000 0.901750000000 0.800000000000
1.000000000000 0.999000000000 0.925250000000 0.800000000000
1.000000000000 0.999500000000 0.922500000000 0.800000000000
1.000000000000 0.999750000000 0.945500000000 0.800000000000
1.000000000000 0.998750000000 0.943750000000 0.800000000000
1.000000000000 0.998250000000 0.957750000000 0.800000000000
1.000000000000 0.999500000000 0.949750000000 0.800000000000
1.000000000000 1.000000000000 0.955750000000 0.800000000000
1.000000000000 0.999000000000 0.952000000000 0.800000000000
1.000000000000 0.999500000000 0.947250000000 0.800000000000
1.000000000000 0.999750000000 0.954500000000 0.800000000000
1.000000000000 0.999750000000 0.958500000000 0.800000000000
1.000000000000 1.000000000000 0.956750000000 0.800000000000
1.000000000000 0.999750000000 0.952750000000 0.800000000000
1.000000000000 0.998750000000 0.959250000000 0.800000000000
0.998500000000 1.000000000000 0.951000000000 0.800000000000
1.000000000000 0.999000000000 0.961750000000 0.800000000000
1.000000000000 1.000000000000 0.957750000000 0.800000000000
1.000000000000 0.998000000000 0.954250000000 0.800000000000
1.000000000000 0.999250000000 0.958750000000 0.800000000000
1.000000000000 0.998250000000 0.959250000000 0.800000000000
1.000000000000 0.999000000000 0.953750000000 0.800000000000
