1.000000000000 1.000000000000 1.000000000000 1.000000000000
1.000000000000 1.000000000000 1.000000000000 0.993250000000
1.000000000000 1.000000000000 0.998750000000 0.985750000000
1.000000000000 1.000000000000 0.997750000000 0.976500000000
1.000000000000 1.000000000000 0.994750000000 0.959750000000
1.000000000000 1.000000000000 0.977750000000 0.941250000000
1.000000000000 1.000000000000 0.989250000000 0.906250000000
1.000000000000 0.999750000000 0.989750000000 0.886250000000
1.000000000000 0.999000000000 0.985500000000 0.874000000000
1.000000000000 0.999750000000 0.984250000000 0.861500000000
1.000000000000 0.997000000000 0.987500000000 0.845750000000
1.000000000000 0.998500000000 0.959000000000 0.844500000000
1.000000000000 0.999500000000 0.982750000000 0.830000000000
1.000000000000 1.000000000000 0.953500000000 0.830750000000
1.000000000000 0.999750000000 0.948250000000 0.797250000000
1.000000000000 0.997750000000 0.975500000000 0.786750000000
1.000000000000 0.999750000000 0.982250000000 0.756250000000
1.000000000000 0.999750000000 0.973250000000 0.754750000000
1.000000000000 0.999000000000 0.977500000000 0.762500000000
1.000000000000 0.998250000000 0.978750000000 0.735750000000
1.000000000000 0.999250000000 0.976000000000 0.740500000000
1.000000000000 0.997750000000 0.970000000000 0.713000000000
1.000000000000 0.996750000000 0.936000000000 0.718250000000
1.000000000000 0.997500000000 0.978250000000 0.673500000000
1.000000000000 0.997250000000 0.971000000000 0.735000000000
1.000000000000 0.999500000000 0.976250000000 0.696250000000
1.000000000000 0.998750000000 0.972500000000 0.702500000000
1.000000000000 0.999250000000 0.977500000000 0.662500000000
1.000000000000 0.998500000000 0.978250000000 0.719000000000
1.000000000000 1.000000000000 0.975500000000 0.672250000000
1.000000000000 0.998750000000 0.904250000000 0.634500000000
