-0.950002857944 -0.950180628771 -0.168016830548 -0.550094757083
-0.950002173209 -0.950373429310 -0.227137106006 -0.550094757083
-0.950006465342 -0.951513394529 -0.275144764315 -0.550123580145
-0.950003473960 -0.951964051617 -0.355240681450 -0.550123580145
-0.950004520311 -0.950663920608 -0.423439446779 -0.550123580145
-0.950006352370 -0.950290384661 -0.527252478741 -0.550123580145
-0.950017478883 -0.950471802497 -0.706694778550 -0.550123580145
-0.950010698232 -0.950864582753 -0.826620774461 -0.550123580145
-0.950012864060 -0.950939855059 -0.907715175914 -0.550123580145
-0.950014463138 -0.950592316049 -0.948123767402 -0.550123580145
-0.950029690775 -0.949836935902 -0.998321106162 -0.550094757083
-0.950016727774 -0.951000953064 -1.002082258588 -0.550094757083
-0.950032820471 -0.951013633560 -1.013388356954 -0.550094757083
-0.950033505962 -0.951000918696 -1.018841591474 -0.550123580145
-0.950034134165 -0.951012955573 -1.015876395297 -0.550123580145
-0.950034531252 -0.950996079048 -1.016954604127 -0.550123580145
-0.950019945893 -0.950998550521 -1.020208829334 -0.550123580145
-0.950020187182 -0.949805204764 -1.019330095197 -0.550123580145
-0.950034505163 -0.950998527257 -1.018934981694 -0.550123580145
-0.950034688163 -0.951001752425 -1.019969756288 -0.550123580145
-0.950034494114 -0.950999295567 -1.019807221146 -0.550094757083
-0.950020766046 -0.951000019654 -1.019765302258 -0.550094757083
-0.950020960935 -0.950999361649 -1.019974058711 -0.550123580145
-0.950020914272 -0.950999777064 -1.019681709656 -0.550094757083
-0.950020974065 -0.950941944955 -1.019589230358 -0.550123580145
-0.950020986606 -0.950999717071 -1.019663856509 -0.550094757083
-0.950021100515 -0.950999590297 -1.019924808327 -0.550123580145
-0.950034200797 -0.950740412759 -1.020143975318 -0.550094757083
-0.950021193005 -0.951258814375 -1.020215496564 -0.550123580145
-0.950021348149 -0.950263556605 -1.019834728903 -0.550123580145
-0.950034695791 -0.951294864348 -1.019750585830 -0.550123580145
