-0.942900373668 -0.949462829397 -1.012862362457 -1.025702002223
-0.948337815505 -0.949393586608 -0.989805641382 -1.055073157246
-0.944282203046 -0.950289938633 -1.008180296475 -1.098826673897
-0.950191729613 -0.953210558545 -0.994915650766 -1.147843036853
-0.948026543093 -0.951240057218 -0.994766045349 -1.177370243257
-0.949725049011 -0.952759192598 -0.994689596324 -1.125299458717
-0.948905070602 -0.952902076925 -0.991619239336 -1.209165975973
-0.950092027127 -0.952793794695 -0.987314331920 -1.169678800959
-0.950072411029 -0.952290867242 -0.982051315169 -1.192218297844
-0.950041655566 -0.952147949541 -0.981519841834 -1.208220023392
-0.950030273665 -0.952704983430 -0.981495286422 -1.217320271973
-0.950028827298 -0.952404484481 -0.983157294433 -1.220609934370
-0.950017008423 -0.952051050341 -0.981604842806 -1.221024047778
-0.950021392856 -0.952619450562 -0.983882957455 -1.228390450678
-0.950014633112 -0.952167672836 -0.982145169586 -1.235022841769
-0.950018476598 -0.952919370196 -0.980845851515 -1.233302712316
-0.950013547860 -0.952918641537 -0.975917598786 -1.237356346087
-0.950013227197 -0.952364152993 -0.983914895243 -1.238677458441
-0.950016177349 -0.952843076866 -0.983890965492 -1.241934971251
-0.950015712019 -0.952396889198 -0.973100393397 -1.241054157164
-0.950015331090 -0.953240587558 -0.978953412730 -1.241934166591
-0.950012422000 -0.952502447681 -0.975375002860 -1.245868752774
-0.950014790642 -0.952573192679 -0.984019272740 -1.242882139080
-0.950014599058 -0.952461923726 -0.975763333175 -1.244344696542
-0.950012124875 -0.952661250250 -0.978527310554 -1.245315119523
-0.950014326077 -0.952305313324 -0.984075680531 -1.246775180024
-0.950014226057 -0.952607292899 -0.984124859860 -1.247836373529
-0.950011989875 -0.952055606794 -0.984043977457 -1.248263428458
-0.950014077295 -0.952581321166 -0.984043569309 -1.248066064526
-0.950011944593 -0.952548976184 -0.978717373536 -1.247029125072
-0.950013973649 -0.952755885800 -0.984062761068 -1.248972431198
