Matrix of Hamiltonian:
1.0 0.0 0.0 0.0 0.0 0.0 0.0 0.0 0.0 0.0 0.0 0.0 0.0 0.0 0.0 0.0 
0.0 0.0 0.5 0.0 0.5 0.0 0.0 0.0 0.0 0.0 0.0 0.0 0.0 0.0 0.0 0.0 
0.0 0.5 0.0 0.5 0.0 0.0 0.0 0.0 0.0 0.0 0.0 0.0 0.0 0.0 0.0 0.0 
0.0 0.0 0.5 0.0 0.5 0.0 0.0 0.0 0.0 0.0 0.0 0.0 0.0 0.0 0.0 0.0 
0.0 0.5 0.0 0.5 0.0 0.0 0.0 0.0 0.0 0.0 0.0 0.0 0.0 0.0 0.0 0.0 
0.0 0.0 0.0 0.0 0.0 0.0 0.5 0.0 0.0 0.5 0.0 0.0 0.0 0.0 0.0 0.0 
0.0 0.0 0.0 0.0 0.0 0.5 -1.0 0.5 0.5 0.0 0.5 0.0 0.0 0.0 0.0 0.0 
0.0 0.0 0.0 0.0 0.0 0.0 0.5 0.0 0.0 0.5 0.0 0.0 0.0 0.0 0.0 0.0 
0.0 0.0 0.0 0.0 0.0 0.0 0.5 0.0 0.0 0.5 0.0 0.0 0.0 0.0 0.0 0.0 
0.0 0.0 0.0 0.0 0.0 0.5 0.0 0.5 0.5 -1.0 0.5 0.0 0.0 0.0 0.0 0.0 
0.0 0.0 0.0 0.0 0.0 0.0 0.5 0.0 0.0 0.5 0.0 0.0 0.0 0.0 0.0 0.0 
0.0 0.0 0.0 0.0 0.0 0.0 0.0 0.0 0.0 0.0 0.0 0.0 0.5 0.0 0.5 0.0 
0.0 0.0 0.0 0.0 0.0 0.0 0.0 0.0 0.0 0.0 0.0 0.5 0.0 0.5 0.0 0.0 
0.0 0.0 0.0 0.0 0.0 0.0 0.0 0.0 0.0 0.0 0.0 0.0 0.5 0.0 0.5 0.0 
0.0 0.0 0.0 0.0 0.0 0.0 0.0 0.0 0.0 0.0 0.0 0.5 0.0 0.5 0.0 0.0 
0.0 0.0 0.0 0.0 0.0 0.0 0.0 0.0 0.0 0.0 0.0 0.0 0.0 0.0 0.0 1.0 

Block Matrix of Hamiltonian:
Up_Spin = 0:
1.0 

Up_Spin = 1:
0.0 0.5 0.0 0.5 
0.5 0.0 0.5 0.0 
0.0 0.5 0.0 0.5 
0.5 0.0 0.5 0.0 

Up_Spin = 2:
0.0 0.5 0.0 0.0 0.5 0.0 
0.5 -1.0 0.5 0.5 0.0 0.5 
0.0 0.5 0.0 0.0 0.5 0.0 
0.0 0.5 0.0 0.0 0.5 0.0 
0.5 0.0 0.5 0.5 -1.0 0.5 
0.0 0.5 0.0 0.0 0.5 0.0 

Up_Spin = 3:
0.0 0.5 0.0 0.5 
0.5 0.0 0.5 0.0 
0.0 0.5 0.0 0.5 
0.5 0.0 0.5 0.0 

Up_Spin = 4:
1.0 

Eigenvalue:
1.0 1.0 -1.0 0.0 0.0 -2.0 0.0 1.0 -1.0 -0.0 0.0 1.0 -1.0 0.0 0.0 1.0 